d_star,x,err_d_star,d_j,err_d_j
4.87916164e-19,3.00000000e-01,2.43198566e-18,1.47983814e-19,7.28254723e-19
1.56899389e-20,3.20000000e-01,6.15709555e-20,1.13253436e-20,3.07442035e-20
5.55596138e-20,3.40000000e-01,2.73227200e-19,2.86468064e-20,1.36288577e-19
6.57011126e-19,3.60000000e-01,1.98619087e-18,9.76703263e-19,2.98203766e-18
1.29997240e-18,3.80000000e-01,5.62147224e-18,2.29220809e-18,1.06229343e-17
2.72525110e-19,4.00000000e-01,1.07405127e-18,8.46823601e-20,3.17482282e-19
7.30307838e-18,4.20000000e-01,1.99500414e-17,1.83721713e-17,5.94507248e-17
1.32177105e-18,4.40000000e-01,3.44191258e-18,4.79707162e-19,1.52996486e-18
1.37588152e-17,4.60000000e-01,5.81540447e-17,3.93292870e-17,1.88117304e-16
9.80343457e-16,4.80000000e-01,4.53290287e-15,9.09702487e-16,4.07993445e-15
5.14123664e-13,8.00000000e-01,5.32133680e-13,6.57146719e-13,8.04007557e-13
3.57103040e-13,8.20000000e-01,4.02926859e-13,3.68153886e-13,4.55859031e-13
9.12980254e-13,8.40000000e-01,1.16868073e-12,7.82991256e-13,9.12291881e-13
2.30366681e-12,8.60000000e-01,2.38807064e-12,1.83380349e-12,2.37262035e-12
3.67991360e-12,8.80000000e-01,2.42813382e-12,2.05798976e-12,1.99404027e-12
2.08167681e-14,7.00000000e-01,1.27309104e-14,2.73106299e-14,3.72313149e-14
3.15307560e-14,7.20000000e-01,1.85029061e-14,3.18708692e-14,2.74682871e-14
5.85120714e-14,7.40000000e-01,5.59856929e-14,1.14915727e-13,1.57428140e-13
1.13817328e-13,7.60000000e-01,1.13464195e-13,1.47233846e-13,1.69873110e-13
2.04764569e-13,7.80000000e-01,1.62182679e-13,2.81786902e-13,4.41322700e-13
6.44513750e-12,9.00000000e-01,7.20147868e-12,4.16937507e-12,5.77142415e-12
1.25267538e-11,9.20000000e-01,1.25212137e-11,1.55895442e-10,3.63747347e-10
1.17352635e-11,9.40000000e-01,1.84496010e-11,2.39356373e-10,5.78591920e-10
2.65898005e-11,9.60000000e-01,3.41463476e-11,8.13586784e-10,1.39674114e-09
3.59345881e-15,6.00000000e-01,3.75329460e-15,8.64439268e-15,1.40678025e-14
3.02236210e-15,6.20000000e-01,3.02887979e-15,5.67356399e-15,8.56072098e-15
5.86013593e-15,6.40000000e-01,8.27343494e-15,1.05189894e-14,1.98352678e-14
7.30344240e-15,6.60000000e-01,6.85889327e-15,1.09023549e-14,1.67740719e-14
1.71613209e-14,6.80000000e-01,9.86923805e-15,2.55734359e-14,2.52907774e-14
7.44951012e-19,1.00000000e-01,2.93285320e-19,7.45307056e-18,6.82059472e-18
4.14487400e-19,1.20000000e-01,2.16830041e-19,6.82782672e-18,6.80088167e-18
1.82848402e-19,1.40000000e-01,1.06201707e-19,3.59400931e-18,3.76953224e-18
9.35600527e-20,1.60000000e-01,1.06741077e-19,2.35249899e-18,3.48334376e-18
3.42250817e-20,1.80000000e-01,4.79289472e-20,1.02539570e-18,2.22882065e-18
6.27447602e-21,2.00000000e-01,8.12871574e-21,1.76234180e-19,3.49584514e-19
1.80347583e-21,2.20000000e-01,1.64043402e-21,4.26216394e-20,7.73709508e-20
5.15831303e-21,2.40000000e-01,1.16287572e-20,1.17392060e-20,1.93689893e-20
5.28747127e-21,2.60000000e-01,1.17495072e-20,1.06963998e-20,2.27814353e-20
1.49727002e-21,2.80000000e-01,5.54925927e-21,3.52366144e-21,1.31992306e-20
3.17768748e-16,5.00000000e-01,9.95735791e-16,3.19418054e-16,1.25184837e-15
2.42922514e-16,5.20000000e-01,8.39764236e-16,2.73205568e-16,7.64153731e-16
9.37455985e-16,5.40000000e-01,2.78121205e-15,7.75734212e-16,3.03748978e-15
9.84660137e-16,5.60000000e-01,1.88021591e-15,1.34705694e-15,3.94210010e-15
1.25306662e-15,5.80000000e-01,2.21440628e-15,1.46481472e-15,3.38862976e-15









