Variables:	AveragedDiffusionstarCoefficients:	ErrorsonD_star:	AveragedDiffusionJCoefficients:	ErrorsonJ:
1.0000000000E-01	3.3800082700E-19	1.6838559400E-18	1.4645595200E-18	1.6838559400E-18
1.2000000000E-01	1.9203862000E-19	1.4164711700E-18	1.4031907000E-18	1.4164711700E-18
1.4000000000E-01	1.2342979700E-19	1.1127722000E-18	1.3472736800E-18	1.1127722000E-18
1.6000000000E-01	3.8404561900E-20	4.8113068600E-19	4.3345566500E-19	4.8113068600E-19
1.8000000000E-01	1.3872497500E-20	1.7212787700E-19	1.1477542800E-19	1.7212787700E-19
2.0000000000E-01	4.6470231600E-21	4.0697358100E-20	2.4317708000E-20	4.0697358100E-20
2.2000000000E-01	6.7410769900E-21	2.7330657800E-20	1.3192742800E-20	2.7330657800E-20
2.4000000000E-01	8.9966894500E-21	5.3382186600E-20	1.8863531500E-20	5.3382186600E-20
2.6000000000E-01	4.1355355900E-22	1.1626874100E-21	9.8170770800E-22	1.1626874100E-21
2.8000000000E-01	1.3072931000E-20	9.2498480600E-20	2.5710575500E-20	9.2498480600E-20
3.0000000000E-01	3.9856201700E-21	1.0120250800E-20	9.1679865400E-21	3.0337041000E-20
3.2000000000E-01	1.8358111200E-20	6.8204281900E-20	2.5208720600E-20	1.0043417700E-19
3.4000000000E-01	1.0496031800E-20	2.7231270100E-20	7.5307252600E-21	2.0941647200E-20
3.6000000000E-01	1.5978881500E-19	7.5402729400E-19	2.4162092000E-19	1.1311459900E-18
3.8000000000E-01	5.6120199000E-19	2.0946834800E-18	6.6954839900E-19	2.9308328100E-18
4.0000000000E-01	1.2910349900E-20	2.9838380900E-20	1.6948895200E-20	5.0901259200E-20
4.2000000000E-01	1.0791781100E-18	3.8749120500E-18	2.1663424400E-18	9.1843934800E-18
4.4000000000E-01	3.8263209800E-19	1.3037827900E-18	3.6782848400E-19	9.8568160500E-19
4.6000000000E-01	1.1207737200E-15	5.6036079000E-15	2.7975086200E-16	1.3984566800E-15
4.8000000000E-01	6.7479815400E-18	3.0195960100E-17	1.2733937100E-17	6.0311765400E-17
5.0000000000E-01	1.3567020900E-16	3.9912454800E-16	1.8615469900E-16	5.5877200200E-16
5.2000000000E-01	1.4967756200E-16	6.1436215400E-16	2.1681722900E-16	9.8127520800E-16
5.4000000000E-01	7.4194468600E-17	3.3902217000E-16	3.7997750900E-17	1.6933579800E-16
5.6000000000E-01	4.9638113600E-16	2.2022599000E-15	3.5491083400E-16	1.4329456800E-15
5.8000000000E-01	1.5834501500E-15	4.0183258800E-15	1.6594913600E-15	4.2102457300E-15
6.0000000000E-01	9.8539989400E-16	2.6978747200E-15	1.0450522100E-15	2.8455059700E-15
6.2000000000E-01	3.0178677800E-15	4.4332474800E-15	5.3312139200E-15	9.6181174400E-15
6.4000000000E-01	2.9546830800E-15	3.8297513500E-15	3.1009458300E-15	5.5098250900E-15
6.6000000000E-01	3.2319717400E-15	5.7183133200E-15	1.7841250200E-15	4.2144603200E-15
6.8000000000E-01	1.3488910900E-14	1.1446009600E-14	2.5617808700E-14	4.7933762700E-14
7.0000000000E-01	1.1357184500E-14	9.2318570600E-15	1.7582114200E-14	1.9712349900E-14
7.2000000000E-01	1.9900977200E-14	1.8939528100E-14	4.1612211000E-14	6.5812585500E-14
7.4000000000E-01	3.1757172400E-14	4.4333017100E-14	5.4335450300E-14	7.6738239900E-14
7.6000000000E-01	6.7438649700E-14	8.3835626900E-14	1.4454573900E-13	2.3138469900E-13
7.8000000000E-01	8.3583946600E-14	1.2092118700E-13	6.6072097000E-14	8.5461663000E-14

